3.000000000000000000e+00 2.392000000000000171e+01
3.100000000000000089e+00 2.633704099952540290e+01
3.200000000000000178e+00 2.876929163544320645e+01
3.300000000000000266e+00 3.123196154414580761e+01
3.400000000000000355e+00 3.374026036202560874e+01
3.500000000000000444e+00 3.630939772547501576e+01
3.600000000000000533e+00 3.895458327088641681e+01
3.700000000000000622e+00 4.169102663465221781e+01
3.800000000000000711e+00 4.453393745316481755e+01
3.900000000000000799e+00 4.749852536281662907e+01
4.000000000000000888e+00 5.060000000000003695e+01
4.000000000000000000e+00 5.060000000000000142e+01
4.099999999999999645e+00 5.385366253284630034e+01
4.199999999999999289e+00 5.727518025782246269e+01
4.299999999999998934e+00 6.088031200313436386e+01
4.399999999999998579e+00 6.468481659698785791e+01
4.499999999999998224e+00 6.870445286758881309e+01
4.599999999999997868e+00 7.295497964314310479e+01
4.699999999999997513e+00 7.745215575185659418e+01
4.799999999999997158e+00 8.221174002193515662e+01
4.899999999999996803e+00 8.724949128158463907e+01
4.999999999999996447e+00 9.258116835901091690e+01
5.099999999999996092e+00 9.822253008241986549e+01
5.199999999999995737e+00 1.041893352800173318e+02
5.299999999999995381e+00 1.104973427800092196e+02
5.399999999999995026e+00 1.171623114106013475e+02
5.499999999999994671e+00 1.241999999999996334e+02
5.500000000000000000e+00 1.242000000000000028e+02
5.599999999999999645e+00 1.316164639505766729e+02
5.699999999999999289e+00 1.393789449613695410e+02
5.799999999999998934e+00 1.474449813055828145e+02
5.899999999999998579e+00 1.557721112564206862e+02
5.999999999999998224e+00 1.643178730870873494e+02
6.099999999999997868e+00 1.730398050707869970e+02
6.199999999999997513e+00 1.818954454807238790e+02
6.299999999999997158e+00 1.908423325901021315e+02
6.399999999999996803e+00 1.998380046721260044e+02
6.499999999999996447e+00 2.088399999999996908e+02
6.500000000000000000e+00 2.088400000000000034e+02
6.599999999999999645e+00 2.178170981498299739e+02
6.699999999999999289e+00 2.267830439089113952e+02
6.799999999999998934e+00 2.357628233674416265e+02
6.899999999999998579e+00 2.447814226156181405e+02
6.999999999999998224e+00 2.538638277436384101e+02
7.099999999999997868e+00 2.630350248416998511e+02
7.199999999999997513e+00 2.723199999999998226e+02
7.200000000000000178e+00 2.723199999999999932e+02
7.299999999999999822e+00 2.817385466853933735e+02
7.399999999999999467e+00 2.912896878700465777e+02
7.499999999999999112e+00 3.009672539027832840e+02
7.599999999999998757e+00 3.107650751324272846e+02
7.699999999999998401e+00 3.206769819078024284e+02
7.799999999999998046e+00 3.306968045777323368e+02
7.899999999999997691e+00 3.408183734910409157e+02
7.999999999999997335e+00 3.510355189965519571e+02
8.099999999999997868e+00 3.613420714430891962e+02
8.199999999999995737e+00 3.717318611794761409e+02
8.299999999999997158e+00 3.821987185545371517e+02
8.399999999999995026e+00 3.927364739170952816e+02
8.499999999999996447e+00 4.033389576159749481e+02
8.599999999999994316e+00 4.139999999999993747e+02
8.599999999999999645e+00 4.140000000000000000e+02
8.699999999999999289e+00 4.245434174106682121e+02
8.799999999999998934e+00 4.351607508393144030e+02
8.899999999999998579e+00 4.458735272699479424e+02
8.999999999999998224e+00 4.567032736865779725e+02
9.099999999999997868e+00 4.676715170732137494e+02
9.199999999999997513e+00 4.787997844138645860e+02
9.299999999999997158e+00 4.901096026925396814e+02
9.399999999999996803e+00 5.016224988932482916e+02
9.499999999999996447e+00 5.133599999999995589e+02
9.500000000000000000e+00 5.133600000000000136e+02
9.599999999999999645e+00 5.245195942935200719e+02
9.699999999999999289e+00 5.359252530434166601e+02
9.799999999999998934e+00 5.475769088160143383e+02
9.899999999999998579e+00 5.594744941776375526e+02
9.999999999999998224e+00 5.716179416946109768e+02
1.009999999999999787e+01 5.840071839332589434e+02
1.019999999999999751e+01 5.966421534599062397e+02
1.029999999999999716e+01 6.095227828408771984e+02
1.039999999999999680e+01 6.226490046424963793e+02
1.049999999999999645e+01 6.360207514310884562e+02
1.059999999999999609e+01 6.496379557729777616e+02
1.069999999999999574e+01 6.635005502344890829e+02
1.079999999999999538e+01 6.776084673819466389e+02
1.089999999999999503e+01 6.919616397816752169e+02
1.099999999999999467e+01 7.065599999999992633e+02
1.100000000000000000e+01 7.065600000000000591e+02
1.109999999999999964e+01 7.213936814660137316e+02
1.119999999999999929e+01 7.364136210626494403e+02
1.129999999999999893e+01 7.515609565356095345e+02
1.139999999999999858e+01 7.667768256305959085e+02
1.149999999999999822e+01 7.820023660933107976e+02
1.159999999999999787e+01 7.971787156694565510e+02
1.169999999999999751e+01 8.122470121047349494e+02
1.179999999999999716e+01 8.271483931448483418e+02
1.189999999999999680e+01 8.418239965354987362e+02
1.199999999999999645e+01 8.562149600223883681e+02
1.209999999999999609e+01 8.702624213512193592e+02
1.219999999999999574e+01 8.839075182676938311e+02
1.229999999999999538e+01 8.970913885175139058e+02
1.239999999999999503e+01 9.097551698463818184e+02
1.249999999999999467e+01 9.218399999999994634e+02
1.250000000000000000e+01 9.218400000000000318e+02
1.259999999999999964e+01 9.333039139155165458e+02
1.269999999999999929e+01 9.441725352967882827e+02
1.279999999999999893e+01 9.544883850391183842e+02
1.289999999999999858e+01 9.642939840378101053e+02
1.299999999999999822e+01 9.736318531881664740e+02
1.309999999999999787e+01 9.825445133854910864e+02
1.319999999999999751e+01 9.910744855250867431e+02
1.329999999999999716e+01 9.992642905022569266e+02
1.339999999999999680e+01 1.007156449212304551e+03
1.349999999999999645e+01 1.014793482550532985e+03
1.359999999999999609e+01 1.022217911412245599e+03
1.369999999999999574e+01 1.029472256692745304e+03
1.379999999999999538e+01 1.036599039287335472e+03
1.389999999999999503e+01 1.043640780091319129e+03
1.399999999999999467e+01 1.050639999999999645e+03
