3.000000000000000000e+00 2.600000000000000000e+01
3.100000000000000089e+00 2.862721847774500361e+01
3.200000000000000178e+00 3.127096916896000423e+01
3.300000000000000266e+00 3.394778428711500595e+01
3.400000000000000355e+00 3.667419604568000580e+01
3.500000000000000444e+00 3.946673665812501497e+01
3.600000000000000533e+00 4.234193833792001271e+01
3.700000000000000622e+00 4.531633329853501380e+01
3.800000000000000711e+00 4.840645375344001877e+01
3.900000000000000799e+00 5.162883191610502820e+01
4.000000000000000888e+00 5.500000000000003553e+01
4.000000000000000000e+00 5.500000000000000000e+01
4.099999999999999645e+00 5.853658970961554076e+01
4.199999999999999289e+00 6.225563071502441659e+01
4.299999999999998934e+00 6.617425217731995701e+01
4.399999999999998579e+00 7.030958325759549155e+01
4.499999999999998224e+00 7.467875311694436391e+01
4.599999999999997868e+00 7.929889091645989652e+01
4.699999999999997513e+00 8.418712581723542598e+01
4.799999999999997158e+00 8.936058698036430314e+01
4.899999999999996803e+00 9.483640356693982199e+01
4.999999999999996447e+00 1.006317047380553475e+02
5.099999999999996092e+00 1.067636196548042022e+02
5.199999999999995737e+00 1.132492774782797085e+02
5.299999999999995381e+00 1.201058073695752313e+02
5.399999999999995026e+00 1.273503384897840647e+02
5.499999999999994671e+00 1.349999999999996021e+02
5.500000000000000000e+00 1.350000000000000000e+02
5.599999999999999645e+00 1.430613738593224582e+02
5.699999999999999289e+00 1.514988532188799297e+02
5.799999999999998934e+00 1.602662840278073872e+02
5.899999999999998579e+00 1.693175122352398603e+02
5.999999999999998224e+00 1.786063837903123215e+02
6.099999999999997868e+00 1.880867446421597720e+02
6.199999999999997513e+00 1.977124407399172412e+02
6.299999999999997158e+00 2.074373180327197019e+02
6.399999999999996803e+00 2.172152224697021836e+02
6.499999999999996447e+00 2.269999999999996589e+02
6.500000000000000000e+00 2.270000000000000000e+02
6.599999999999999645e+00 2.367577153802499765e+02
6.699999999999999289e+00 2.465033085966427961e+02
6.799999999999998934e+00 2.562639384428713356e+02
6.899999999999998579e+00 2.660667637126284149e+02
6.999999999999998224e+00 2.759389431996069675e+02
7.099999999999997868e+00 2.859076356974998134e+02
7.199999999999997513e+00 2.959999999999997726e+02
7.200000000000000178e+00 2.960000000000000000e+02
7.299999999999999822e+00 3.062375507449928023e+02
7.399999999999999467e+00 3.166192259457027944e+02
7.499999999999999112e+00 3.271383194595470059e+02
7.599999999999998757e+00 3.377881251439426933e+02
7.699999999999998401e+00 3.485619368563069429e+02
7.799999999999998046e+00 3.594530484540568978e+02
7.899999999999997691e+00 3.704547537946097009e+02
7.999999999999997335e+00 3.815603467353825522e+02
8.099999999999997868e+00 3.927631211337925947e+02
8.199999999999995737e+00 4.040563708472566304e+02
8.299999999999997158e+00 4.154333897331925414e+02
8.399999999999995026e+00 4.268874716490165611e+02
8.499999999999996447e+00 4.384119104521466852e+02
8.599999999999994316e+00 4.499999999999993179e+02
8.599999999999999645e+00 4.500000000000000000e+02
8.699999999999999289e+00 4.614602363159436891e+02
8.799999999999998934e+00 4.730008161296895537e+02
8.899999999999998579e+00 4.846451383368998904e+02
8.999999999999998224e+00 4.964166018332368822e+02
9.099999999999997868e+00 5.083386055143627686e+02
9.199999999999997513e+00 5.204345482759397328e+02
9.299999999999997158e+00 5.327278290136300711e+02
9.399999999999996803e+00 5.452418466230959666e+02
9.499999999999996447e+00 5.579999999999995453e+02
9.500000000000000000e+00 5.580000000000000000e+02
9.599999999999999645e+00 5.701299937973044507e+02
9.699999999999999289e+00 5.825274489602354606e+02
9.799999999999998934e+00 5.951922921913198934e+02
9.899999999999998579e+00 6.081244501930842716e+02
9.999999999999998224e+00 6.213238496680553453e+02
1.009999999999999787e+01 6.347904173187597507e+02
1.019999999999999751e+01 6.485240798477241242e+02
1.029999999999999716e+01 6.625247639574752156e+02
1.039999999999999680e+01 6.767923963505395477e+02
1.049999999999999645e+01 6.913269037294439840e+02
1.059999999999999609e+01 7.061282127967149336e+02
1.069999999999999574e+01 7.211962502548793736e+02
1.079999999999999538e+01 7.365309428064637132e+02
1.089999999999999503e+01 7.521322171539948158e+02
1.099999999999999467e+01 7.679999999999992042e+02
1.100000000000000000e+01 7.680000000000000000e+02
1.109999999999999964e+01 7.841235668108844266e+02
1.119999999999999929e+01 8.004495881115753946e+02
1.129999999999999893e+01 8.169140831908798646e+02
1.139999999999999858e+01 8.334530713376042286e+02
1.149999999999999822e+01 8.500025718405552198e+02
1.159999999999999787e+01 8.664986039885396849e+02
1.169999999999999751e+01 8.828771870703640161e+02
1.179999999999999716e+01 8.990743403748350602e+02
1.189999999999999680e+01 9.150260831907594365e+02
1.199999999999999645e+01 9.306684348069438784e+02
1.209999999999999609e+01 9.459374145121948914e+02
1.219999999999999574e+01 9.607690415953193224e+02
1.229999999999999538e+01 9.750993353451237908e+02
1.239999999999999503e+01 9.888643150504149162e+02
1.249999999999999467e+01 1.001999999999999318e+03
1.250000000000000000e+01 1.002000000000000000e+03
1.259999999999999964e+01 1.014460775995126596e+03
1.269999999999999929e+01 1.026274494887813262e+03
1.279999999999999893e+01 1.037487375042519943e+03
1.289999999999999858e+01 1.048145634823706587e+03
1.299999999999999822e+01 1.058295492595833139e+03
1.309999999999999787e+01 1.067983166723359773e+03
1.319999999999999751e+01 1.077254875570746435e+03
1.329999999999999716e+01 1.086156837502453072e+03
1.339999999999999680e+01 1.094735270882939631e+03
1.349999999999999645e+01 1.103036394076666284e+03
1.359999999999999609e+01 1.111106425448092978e+03
1.369999999999999574e+01 1.118991583361679659e+03
1.379999999999999538e+01 1.126738086181886274e+03
1.389999999999999503e+01 1.134392152273172997e+03
1.399999999999999467e+01 1.141999999999999545e+03
