-1.607432999999999993e+03
-1.587317538536447955e+03
-1.567202077072895918e+03
-1.547086615609343880e+03
-1.526971154145792070e+03
-1.506855692682240033e+03
-1.486740231218687995e+03
-1.466624769755135958e+03
-1.446509308291583920e+03
-1.426393846828031883e+03
-1.406278385364480073e+03
-1.386162923900928035e+03
-1.366047462437375998e+03
-1.345932000973823961e+03
-1.325816539510271923e+03
-1.305701078046719886e+03
-1.285585616583167848e+03
-1.265470155119615811e+03
-1.245354693656064001e+03
-1.225239232192511963e+03
-1.205123770728959926e+03
-1.185008309265407888e+03
-1.164892847801855851e+03
-1.144777386338303813e+03
-1.124661924874751776e+03
-1.104546463411199966e+03
-1.084431001947647928e+03
-1.064315540484095891e+03
-1.044200079020543853e+03
-1.024084617556991816e+03
-1.182572156093439844e+03
-1.162456694629887807e+03
-1.142341233166335769e+03
-1.122225771702783732e+03
-1.102110310239231922e+03
-1.081994848775679884e+03
-1.061879387312127847e+03
-1.041763925848575809e+03
-1.021648464385023772e+03
-1.001533002921471734e+03
-9.814175414579199241e+02
-9.613020799943676593e+02
-9.411866185308158492e+02
-9.210711570672638118e+02
-9.009556956037117743e+02
-8.808402341401599642e+02
-8.607247726766076994e+02
-8.406093112130558893e+02
-8.204938497495036245e+02
-8.003783882859518144e+02
-7.802629268223997769e+02
-7.601474653588477395e+02
-7.400320038952959294e+02
-7.199165424317436646e+02
-6.998010809681918545e+02
-6.796856195046397033e+02
-6.595701580410876659e+02
-6.394546965775356284e+02
-6.193392351139835910e+02
-5.992237736504317809e+02
-7.577113121868796952e+02
-7.375958507233276578e+02
-7.174803892597756203e+02
-6.973649277962235828e+02
-6.772494663326715454e+02
-6.571340048691197353e+02
-6.370185434055674705e+02
-6.169030819420156604e+02
-5.967876204784636229e+02
-5.766721590149115855e+02
-5.565566975513595480e+02
-5.364412360878075106e+02
-5.163257746242557005e+02
-4.962103131607034925e+02
-4.760948516971516824e+02
-4.559793902335996449e+02
-4.358639287700476075e+02
-4.157484673064955700e+02
-3.956330058429435326e+02
-3.755175443793917225e+02
-3.554020829158396850e+02
-3.352866214522876476e+02
-3.151711599887353827e+02
-2.950556985251835727e+02
-2.749402370616315352e+02
-2.548247755980797251e+02
-2.347093141345276877e+02
-2.145938526709754228e+02
-1.944783912074236127e+02
-1.743629297438715753e+02
-3.328504682803197738e+02
-3.127350068167677364e+02
-2.926195453532154716e+02
-2.725040838896634341e+02
-2.523886224261116240e+02
-2.322731609625595866e+02
-2.121576994990073217e+02
-1.920422380354555116e+02
-1.719267765719034742e+02
-1.518113151083516641e+02
-1.024712853644799679e+03
-1.004597392181247415e+03
-9.844819307176953771e+02
-9.643664692541433396e+02
-9.442510077905917569e+02
-9.241355463270397195e+02
-9.040200848634872273e+02
-8.839046233999356446e+02
-8.637891619363836071e+02
-8.436737004728315696e+02
-8.235582390092795322e+02
-8.034427775457274947e+02
-7.833273160821754573e+02
-7.632118546186234198e+02
-7.430963931550713824e+02
-7.229809316915199133e+02
-7.028654702279674211e+02
-6.827500087644153837e+02
-6.626345473008638010e+02
-6.425190858373117635e+02
-8.010066243737596778e+02
-7.808911629102071856e+02
-7.607757014466556029e+02
-7.406602399831035655e+02
-7.205447785195517554e+02
-7.004293170559997179e+02
-6.803138555924475668e+02
-6.601983941288955293e+02
-6.400829326653434919e+02
-6.199674712017919092e+02
-5.998520097382398717e+02
-5.797365482746873795e+02
-5.596210868111353420e+02
-5.395056253475838730e+02
-5.193901638840318356e+02
-4.992747024204797412e+02
-4.791592409569277038e+02
-4.590437794933756663e+02
-4.389283180298236289e+02
-4.188128565662715914e+02
-3.986973951027195540e+02
-3.785819336391675165e+02
-3.584664721756154790e+02
-3.383510107120634416e+02
-3.182355492485118589e+02
-2.981200877849598214e+02
-2.780046263214073292e+02
-2.578891648578557465e+02
-2.377737033943037090e+02
-2.176582419307516716e+02
-3.761457804671996428e+02
-3.560303190036476053e+02
-3.359148575400955679e+02
-3.157993960765435304e+02
-2.956839346129914929e+02
-2.755684731494399102e+02
-2.554530116858874180e+02
-2.353375502223353806e+02
-2.152220887587837979e+02
-1.951066272952317604e+02
-1.749911658316797229e+02
-1.548757043681272307e+02
-1.347602429045756480e+02
-1.146447814410236106e+02
-9.452931997747111836e+01
-7.441385851391953565e+01
-5.429839705036749820e+01
-3.418293558681591549e+01
-1.406747412326342328e+01
6.047987340288614178e+00
2.616344880384019689e+01
4.627891026739268909e+01
6.639437173094427180e+01
8.650983319449630926e+01
1.066252946580488015e+02
1.267407561216003842e+02
1.468562175851524216e+02
1.669716790487040043e+02
1.870871405122564965e+02
2.072026019758089888e+02
4.871506343936010808e+01
6.883052490291260028e+01
8.894598636646418299e+01
1.090614478300166752e+02
1.291769092935687127e+02
1.492923707571202954e+02
1.694078322206727307e+02
1.895232936842243134e+02
2.096387551477763509e+02
2.297542166113288431e+02
2.498696780748804258e+02
2.699851395384324633e+02
2.901006010019849555e+02
3.102160624655365382e+02
3.303315239290885756e+02
3.504469853926401015e+02
3.705624468561925937e+02
3.906779083197446312e+02
4.107933697832962139e+02
4.309088312468487061e+02
-9.778057072895996953e+02
-9.576902458260472031e+02
-9.375747843624951656e+02
-9.174593228989435829e+02
-8.973438614353910907e+02
-8.772283999718395080e+02
-8.571129385082870158e+02
-8.369974770447354331e+02
-8.168820155811838504e+02
-7.967665541176313582e+02
-9.552540926540798409e+02
-9.351386311905273487e+02
-9.150231697269748565e+02
-8.949077082634232738e+02
-8.747922467998716911e+02
-8.546767853363201084e+02
-8.345613238727676162e+02
-8.144458624092151240e+02
-7.943304009456635413e+02
-7.742149394821110491e+02
-7.540994780185594664e+02
-7.339840165550069742e+02
-7.138685550914553914e+02
-6.937530936279038087e+02
-6.736376321643513165e+02
-6.535221707007997338e+02
-6.334067092372472416e+02
-6.132912477736947494e+02
-5.931757863101431667e+02
-5.730603248465915840e+02
-5.529448633830400013e+02
-5.328294019194875091e+02
-5.127139404559350169e+02
-4.925984789923833773e+02
-4.724830175288308851e+02
-4.523675560652793024e+02
-4.322520946017277197e+02
-4.121366331381752275e+02
-3.920211716746236448e+02
-3.719057102110711526e+02
-5.303932487475195785e+02
-5.102777872839670863e+02
-4.901623258204145941e+02
-4.700468643568630114e+02
-4.499314028933114287e+02
-4.298159414297598460e+02
-4.097004799662073538e+02
-3.895850185026548615e+02
-3.694695570391032788e+02
-3.493540955755507866e+02
-3.292386341119992039e+02
-3.091231726484476212e+02
-2.890077111848951290e+02
-2.688922497213433189e+02
-2.487767882577908267e+02
-2.286613267942392440e+02
-2.085458653306867518e+02
-1.884304038671351691e+02
-1.683149424035835864e+02
-1.481994809400310942e+02
-1.280840194764795115e+02
-1.079685580129270193e+02
-8.785309654937452706e+01
-6.773763508582294435e+01
-4.762217362227045214e+01
-2.750671215871886943e+01
-7.391250695167286722e+00
1.272421076838520548e+01
3.283967223193678819e+01
5.295513369548928040e+01
-1.055324048409591455e+02
-8.541694337740665333e+01
-6.530148191385507062e+01
-4.518602045030348791e+01
-2.507055898675099570e+01
-4.955097523199412990e+00
1.516036394035307922e+01
3.527582540390557142e+01
5.539128686745715413e+01
7.550674833100964634e+01
9.562220979456122905e+01
1.157376712581128118e+02
1.358531327216653040e+02
1.559685941852168298e+02
1.760840556487693220e+02
1.961995171123209047e+02
2.163149785758733969e+02
2.364304400394249797e+02
2.565459015029765624e+02
2.766613629665290546e+02
2.967768244300806373e+02
3.168922858936331295e+02
3.370077473571855649e+02
3.571232088207371476e+02
3.772386702842887303e+02
3.973541317478403130e+02
4.174695932113928052e+02
4.375850546749452974e+02
4.577005161384968801e+02
4.778159776020493723e+02
-5.736885609343991064e+02
